500 0 0.0
1000 0 0.0
1500 0 0.0
2000 0 0
2500 0 0
3000 20 0.0
3500 20 0.0
4000 20 0.0
4500 20 0.0
5000 20 0.0
5500 20 0.0
6000 20 0.0
6500 40 93.0
7000 40 90.0
7500 40 96.0
8000 40 111.0
8500 40 123.0
9000 40 99.0
9500 60 159.0
10000 60 156.0
10500 60 171.0
11000 60 150.0
11500 60 162.0
12000 60 165.0
12500 80 300.0
13000 80 357.0
13500 80 393.0
14000 80 396.0
14500 80 309.0
15000 100 315.0
15500 100 303.0
16000 100 237.0
16500 100 351.0
17000 100 321.0
17500 100 255.0
18000 80 231.0
18500 80 225.0
19000 80 255.0
19500 80 273.0
20000 80 228.0
20500 80 237.0
21000 60 294.0
21500 60 165.0
22000 60 204.0
22500 60 174.0
23000 60 162.0
23500 60 174.0
24000 60 183.0
24500 40 108.0
25000 40 93.0
25500 40 96.0
26000 40 93.0
26500 40 93.0
27000 40 81.0
27500 20 54.0
28000 20 87.0
28500 20 57.0
29000 20 102.0
29500 20 63.0
30000 20 51.0
30500 0 0.0
31000 0 0.0
31500 0 0.0
32000 0 0.0
32500 0 0.0